1000
384265270
1056479692
572123620
705359296
49814835
69884780
650528844
790309789
269636697
316570485
284162253
101684899
65654805
960462678
631827982
131023007
659693033
399882785
576944568
487033173
828465642
788579642
420484790
115365267
881355131
533402221
474707137
667631321
371287886
962884715
675360359
261934136
632861432
673180767
441880153
755866004
544285211
853399555
179604428
446407623
647010691
455827197
496710541
510771334
836862084
27319562
176012597
130898579
799434514
1022812948
204566827
544582955
965548904
691349492
917932966
539730843
297182254
470095577
896663057
363880774
519047455
637889131
943328800
87492363
223037264
983377548
104011728
791163001
447539253
79291641
603656070
992076887
1052825316
600280153
167866423
305137663
583067855
262271377
964902955
617624847
148990775
438806941
755921456
965728806
805381518
249492642
503536793
610747390
640699505
1010975906
448275724
463086375
375985924
775892361
971186333
1016370595
469317288
859129866
868691199
152894257
606862708
747525059
1050340391
810767880
613508756
185085617
950056385
726033734
223722373
453293568
1003314185
1040646656
847836128
62862528
48199595
208523450
463264368
763151703
131424845
674711206
189075621
635245063
10562779
952474990
940176108
167369521
461470021
1026571053
993604328
542867529
563221330
832141811
853452163
75977745
563438656
744551205
341097802
52633334
151705421
634175786
882685830
875586774
126062055
750453135
643140731
364023969
231399419
111148187
407041498
485368236
131764120
853945689
850170616
424827155
468000994
192484361
220342918
491038431
92524863
292521212
122841194
892496733
155296797
565029000
765734193
526644670
529420917
1040852132
595799774
15753753
222001807
847316972
157293875
775407474
53433681
1044405283
905484078
637018819
629682725
631472380
685886047
889423201
833315956
1018750043
920544519
239027640
448626042
479268355
898739075
177003730
731504840
248027779
688851435
131300667
409624542
653532007
1072159122
538791927
64415369
19859804
865810424
156785305
648180315
281741519
55131137
250507711
961864204
232050140
341924077
585089978
206183652
416993014
877060398
952785512
934730183
506036974
213838513
65883077
860229685
828905575
652398668
974806501
337330565
329748947
65257460
624424683
579103977
162396917
774131046
86681077
853672386
864508204
1053917811
107908229
199917701
118887835
799076980
115715251
154335963
699126287
835017216
370418378
1031330484
802633353
268080209
411332729
11007032
856252829
66401088
360283112
725303980
961308039
903154460
1015295591
309971986
1043202738
185432616
234530636
540525567
454501678
348452668
908539954
589195873
811977435
156940524
285008093
372915285
352060519
283468758
956554990
773437786
1059554891
683755609
6430425
668732864
476367241
879573251
644028545
1005622776
29188563
556612141
555501861
669182155
947351162
522190591
598100068
425094641
865312713
970318444
1003617041
198688490
287514681
596976969
608930047
370526561
140297200
267548493
232324050
743265652
141951158
506628389
1022888348
788417144
67510900
239482427
436970028
220770494
412682754
904883357
123193894
1071928843
363154273
651264071
375158666
57810115
1002970983
701946258
1035374253
351507090
440718740
605188270
603107710
267755597
15384715
761749669
1067602154
681666510
51994586
349500166
592641776
613974894
456269049
579752867
588986704
74269057
566869077
866468496
932381320
282844014
129147574
56384361
703197110
275681720
967242799
1049376515
485748155
301323934
413554946
169439690
1004781587
899590416
124827338
405690190
576546293
12738443
574435706
998337454
313248177
602041641
443389011
524834246
310038166
681596869
551989218
42339037
234254203
685302518
536895006
50133573
71758647
73525112
555134672
275564984
61571194
402478016
900833195
764279622
759376326
754095498
700085602
297649158
58946022
938714261
475857751
285022518
807375732
38903412
377387814
1045636829
91724328
95392930
984292432
11005666
768772088
693991662
965891617
488119592
545402469
786386127
540599288
946281974
284849871
544273606
171553442
543134757
705735070
54901553
99337430
408295413
759993134
195103058
794922630
788339615
875437807
986358017
765222402
799727617
653287383
134363072
406118885
92149206
965718416
592156779
557667986
869494805
105324893
546936162
609014462
506105492
208727863
242341706
410410641
889763093
912190085
312544078
346738609
716267054
730136108
715827700
233435328
782995416
474203003
1054361073
184165811
591424873
290129699
660359791
348301532
121498490
774062943
475729825
299907795
97344401
1050266675
779857426
136615728
967222908
835932727
31628094
525807154
213455469
648725229
391371904
524825412
329610792
631655130
1030635418
575613121
901295286
79284570
683268452
743478430
762385791
79671175
236715
410869048
336478553
636116002
1025088451
124303276
280827628
644478412
289021619
234019321
586403328
1026172623
791812246
353277979
48475967
693688047
806411792
473209533
273325315
840152500
157245193
526194608
691634546
1010389827
97639295
405148058
1020354186
948558352
950164750
292648516
918194780
182198531
470686151
1072322174
823438334
421655139
441310544
92877908
1024285137
962314957
760146667
993844563
527790613
941520176
572265683
978212432
131152751
558158503
1037923459
887582153
259790001
630526316
666401840
398729466
1043466734
981492080
310260752
769032435
1046741459
330425008
921043597
441120295
79934215
579706603
134429176
949053398
505510049
903423057
924829492
705396286
976290983
100025338
108076352
572996700
335120365
919670970
115871843
54289788
206487040
500984258
655228489
307323390
1016569726
637515198
873613789
531612403
522773785
437459791
834388273
448046448
75173986
224526089
32895628
324953517
324813954
406274072
54037704
602982010
183824110
139509952
404716327
703171065
600384525
295234182
365386565
345477408
826819573
1070744133
661230280
876823923
304190653
170313709
971705372
362824644
386555942
591976986
1021514993
935354181
270107526
588878393
656841060
165406686
891106054
87095597
617184561
456788091
214209883
245610093
230530315
969557597
525091318
724690848
287651023
87901135
457127177
1049961088
669674038
553004593
165337629
636862037
574322188
762874161
166914056
1040271049
893362800
509215810
493168657
403635009
240978853
1058620263
302718541
235369223
82209738
1039961593
761026561
322786053
639001992
300789723
450024825
9741042
695331553
445341663
428529432
348763897
510819410
1003248285
441246093
514038412
28355219
522287942
772890239
558202535
726694095
674015293
207371969
529017622
339093038
203931368
683468900
98636437
205290335
411898771
425896890
801581880
613074744
381714297
30699866
33897817
105495970
282949951
994650100
1015775261
308390414
242352503
641685516
270626858
620590210
1059738518
599884773
667356822
758377014
762249649
597560729
847269511
303833125
593359126
776264360
793490827
678115795
238976769
635062259
716263548
583447506
114842619
851872283
311758171
1058065195
290337173
116484319
156653525
942638048
716947756
825488844
65682394
895043589
531561794
260566642
263924863
988918259
470592735
126008470
381360444
555534446
999756883
12202883
77134681
156522874
767328198
767060896
38830263
1064152067
827838779
662467430
335214282
115621989
470844382
101003880
248141021
1024325384
448801937
768510526
864651046
393919809
356238352
126968345
347026683
503420027
105315034
209508740
37709045
731835172
160846322
294289786
990735703
755213520
112706759
185832829
965611880
453060242
56770194
825554517
1065891542
17265032
232802277
738831004
628818582
635199801
921500226
297298722
225612027
446831088
121432930
311173118
318608173
477732882
14752441
424093369
503215935
1002673958
475642476
609395798
70440682
814562497
988322234
917441299
300927373
733066915
409590292
875184276
433277885
258855496
598826908
458181877
885429190
59160212
304586824
986378967
838587277
4748802
488541359
948939991
469427755
296541424
663044706
43533837
425673633
433868877
170242143
860165757
1030957694
504855172
851836997
77354468
814861417
480362156
431863413
997907694
138794165
378473935
810679681
483247785
210766261
42378125
445874148
89317296
611046854
601531261
840151196
491286113
106636319
966993998
713369417
427116960
814685339
79589658
444353903
857866338
188746131
1043185640
483253203
808020467
995079128
572199317
558981516
160536011
207389428
53079785
492306898
878600357
880516573
160448822
784356926
777138754
306822272
250044037
527488945
951339242
229486815
564183373
346107395
431552649
546307267
100607594
649274067
573702858
384506791
99715709
663525743
520591512
689857372
919252507
100070269
174936401
918183034
682058886
1021906062
185515423
827753353
141836056
958660872
650426744
552288389
353844744
397445992
927327382
496857639
1058270840
590499978
837153718
753247283
674855601
41487241
545179824
252465324
886197208
81528123
459629973
769299560
940263645
948567691
1002760998
935807529
498884278
898589245
446982970
363776429
966124620
620151262
291879497
60806987
573902894
596889649
218309474
997445669
1018262630
190006907
61320044
95475029
718429310
521166114
314021028
9989756
749013260
299225659
266542192
138340693
26888819
562528457
86078967
629462978
789548790
243658116
214459220
649678733
111154864
900993135
572422100
122205664
402730101
387101388
1000765756
62502227
566430074
130223242
754718189
616740178
760601627
387527542
165130549
887205684
114875623
196541503
729559018
711344135
167465566
278594090
555142366
37268465
932986407
505042386
1046543351
435234005
667615298
603369800
397947203
76137959
954848732
751166959
211126877
859855505
1064025049
989442641
334576408
928203358
257951084
850922522
604066234
659982422
421892813
551613560
1053428497
39881883
867963923
288647744
824841120
204015369
71586340
31102400
426488240
399155466
77648199
100852641
323503707
385840824
528436590
846623309
85055922
783385292
1045720138
388531604
655899361
915638093
81243871
453251208
1036144843
343674351
104658955
58761690
269136610
145702972
753190647
535770100
935575681
513934212
1001755387
206028511
